Inserted 9

9

Height: 0

----------------------------------------------------------------------------------------------------------------------------
Inserted 7

9
          7

Height: 1

----------------------------------------------------------------------------------------------------------------------------
Inserted 14

          14
9
          7

Height: 1

----------------------------------------------------------------------------------------------------------------------------
Inserted 25

                    25
          14
9
          7

Height: 2

----------------------------------------------------------------------------------------------------------------------------
Inserted 2

                    25
          14
9
          7
                    2

Height: 2

----------------------------------------------------------------------------------------------------------------------------
Inserted 23

                    25
                              23
          14
9
          7
                    2

Height: 3

----------------------------------------------------------------------------------------------------------------------------
Inserted 4

                    25
                              23
          14
9
          7
                              4
                    2

Height: 3

----------------------------------------------------------------------------------------------------------------------------
Inserted 18

                    25
                              23
                                        18
          14
9
          7
                              4
                    2

Height: 4

----------------------------------------------------------------------------------------------------------------------------
Inserted 10

                    25
                              23
                                        18
          14
                    10
9
          7
                              4
                    2

Height: 4

----------------------------------------------------------------------------------------------------------------------------
Inserted 27

                              27
                    25
                              23
                                        18
          14
                    10
9
          7
                              4
                    2

Height: 4

----------------------------------------------------------------------------------------------------------------------------
Inserted 3

                              27
                    25
                              23
                                        18
          14
                    10
9
          7
                              4
                                        3
                    2

Height: 4

----------------------------------------------------------------------------------------------------------------------------
Inserted 22

                              27
                    25
                              23
                                                  22
                                        18
          14
                    10
9
          7
                              4
                                        3
                    2

Height: 5

----------------------------------------------------------------------------------------------------------------------------
Inserted 30

                                        30
                              27
                    25
                              23
                                                  22
                                        18
          14
                    10
9
          7
                              4
                                        3
                    2

Height: 5

----------------------------------------------------------------------------------------------------------------------------
Inserted 24

                                        30
                              27
                    25
                                        24
                              23
                                                  22
                                        18
          14
                    10
9
          7
                              4
                                        3
                    2

Height: 5

----------------------------------------------------------------------------------------------------------------------------
Inserted 26

                                        30
                              27
                                        26
                    25
                                        24
                              23
                                                  22
                                        18
          14
                    10
9
          7
                              4
                                        3
                    2

Height: 5

----------------------------------------------------------------------------------------------------------------------------
Inserted 21

                                        30
                              27
                                        26
                    25
                                        24
                              23
                                                  22
                                                            21
                                        18
          14
                    10
9
          7
                              4
                                        3
                    2

Height: 6

----------------------------------------------------------------------------------------------------------------------------
Inserted 1

                                        30
                              27
                                        26
                    25
                                        24
                              23
                                                  22
                                                            21
                                        18
          14
                    10
9
          7
                              4
                                        3
                    2
                              1

Height: 6

----------------------------------------------------------------------------------------------------------------------------
Inserted 28

                                        30
                                                  28
                              27
                                        26
                    25
                                        24
                              23
                                                  22
                                                            21
                                        18
          14
                    10
9
          7
                              4
                                        3
                    2
                              1

Height: 6

----------------------------------------------------------------------------------------------------------------------------
Inserted 8

                                        30
                                                  28
                              27
                                        26
                    25
                                        24
                              23
                                                  22
                                                            21
                                        18
          14
                    10
9
                    8
          7
                              4
                                        3
                    2
                              1

Height: 6

----------------------------------------------------------------------------------------------------------------------------
Inserted 19

                                        30
                                                  28
                              27
                                        26
                    25
                                        24
                              23
                                                  22
                                                            21
                                                                      19
                                        18
          14
                    10
9
                    8
          7
                              4
                                        3
                    2
                              1

Height: 7

----------------------------------------------------------------------------------------------------------------------------
Inserted 16

                                        30
                                                  28
                              27
                                        26
                    25
                                        24
                              23
                                                  22
                                                            21
                                                                      19
                                        18
                                                  16
          14
                    10
9
                    8
          7
                              4
                                        3
                    2
                              1

Height: 7

----------------------------------------------------------------------------------------------------------------------------
Inserted 17

                                        30
                                                  28
                              27
                                        26
                    25
                                        24
                              23
                                                  22
                                                            21
                                                                      19
                                        18
                                                            17
                                                  16
          14
                    10
9
                    8
          7
                              4
                                        3
                    2
                              1

Height: 7

----------------------------------------------------------------------------------------------------------------------------
Inserted 26

                                        30
                                                  28
                              27
                                        26(2)

                    25
                                        24
                              23
                                                  22
                                                            21
                                                                      19
                                        18
                                                            17
                                                  16
          14
                    10
9
                    8
          7
                              4
                                        3
                    2
                              1

Height: 7

----------------------------------------------------------------------------------------------------------------------------
Inserted 12

                                        30
                                                  28
                              27
                                        26(2)

                    25
                                        24
                              23
                                                  22
                                                            21
                                                                      19
                                        18
                                                            17
                                                  16
          14
                              12
                    10
9
                    8
          7
                              4
                                        3
                    2
                              1

Height: 7

----------------------------------------------------------------------------------------------------------------------------
Inserted 29

                                        30
                                                            29
                                                  28
                              27
                                        26(2)

                    25
                                        24
                              23
                                                  22
                                                            21
                                                                      19
                                        18
                                                            17
                                                  16
          14
                              12
                    10
9
                    8
          7
                              4
                                        3
                    2
                              1

Height: 7

----------------------------------------------------------------------------------------------------------------------------
Inserted 6

                                        30
                                                            29
                                                  28
                              27
                                        26(2)

                    25
                                        24
                              23
                                                  22
                                                            21
                                                                      19
                                        18
                                                            17
                                                  16
          14
                              12
                    10
9
                    8
          7
                                        6
                              4
                                        3
                    2
                              1

Height: 7

----------------------------------------------------------------------------------------------------------------------------
Inserted 10

                                        30
                                                            29
                                                  28
                              27
                                        26(2)

                    25
                                        24
                              23
                                                  22
                                                            21
                                                                      19
                                        18
                                                            17
                                                  16
          14
                              12
                    10(2)

9
                    8
          7
                                        6
                              4
                                        3
                    2
                              1

Height: 7

----------------------------------------------------------------------------------------------------------------------------
Inserted 5

                                        30
                                                            29
                                                  28
                              27
                                        26(2)

                    25
                                        24
                              23
                                                  22
                                                            21
                                                                      19
                                        18
                                                            17
                                                  16
          14
                              12
                    10(2)

9
                    8
          7
                                        6
                                                  5
                              4
                                        3
                    2
                              1

Height: 7

----------------------------------------------------------------------------------------------------------------------------
Inserted 15

                                        30
                                                            29
                                                  28
                              27
                                        26(2)

                    25
                                        24
                              23
                                                  22
                                                            21
                                                                      19
                                        18
                                                            17
                                                  16
                                                            15
          14
                              12
                    10(2)

9
                    8
          7
                                        6
                                                  5
                              4
                                        3
                    2
                              1

Height: 7

----------------------------------------------------------------------------------------------------------------------------
Inserted 20

                                        30
                                                            29
                                                  28
                              27
                                        26(2)

                    25
                                        24
                              23
                                                  22
                                                            21
                                                                                20
                                                                      19
                                        18
                                                            17
                                                  16
                                                            15
          14
                              12
                    10(2)

9
                    8
          7
                                        6
                                                  5
                              4
                                        3
                    2
                              1

Height: 8

----------------------------------------------------------------------------------------------------------------------------
Inserted 26

                                        30
                                                            29
                                                  28
                              27
                                        26(3)

                    25
                                        24
                              23
                                                  22
                                                            21
                                                                                20
                                                                      19
                                        18
                                                            17
                                                  16
                                                            15
          14
                              12
                    10(2)

9
                    8
          7
                                        6
                                                  5
                              4
                                        3
                    2
                              1

Height: 8

----------------------------------------------------------------------------------------------------------------------------
Inserted 13

                                        30
                                                            29
                                                  28
                              27
                                        26(3)

                    25
                                        24
                              23
                                                  22
                                                            21
                                                                                20
                                                                      19
                                        18
                                                            17
                                                  16
                                                            15
          14
                                        13
                              12
                    10(2)

9
                    8
          7
                                        6
                                                  5
                              4
                                        3
                    2
                              1

Height: 8

----------------------------------------------------------------------------------------------------------------------------
Inserted 11

                                        30
                                                            29
                                                  28
                              27
                                        26(3)

                    25
                                        24
                              23
                                                  22
                                                            21
                                                                                20
                                                                      19
                                        18
                                                            17
                                                  16
                                                            15
          14
                                        13
                              12
                                        11
                    10(2)

9
                    8
          7
                                        6
                                                  5
                              4
                                        3
                    2
                              1

Height: 8

----------------------------------------------------------------------------------------------------------------------------
Inserted 28

                                        30
                                                            29
                                                  28(2)

                              27
                                        26(3)

                    25
                                        24
                              23
                                                  22
                                                            21
                                                                                20
                                                                      19
                                        18
                                                            17
                                                  16
                                                            15
          14
                                        13
                              12
                                        11
                    10(2)

9
                    8
          7
                                        6
                                                  5
                              4
                                        3
                    2
                              1

Height: 8

----------------------------------------------------------------------------------------------------------------------------

BST: Searched 11
Found BST node at Level: 5
Found BST node at Level: 5
Parent: 
Binary Search Tree: 

                                        30
                                                            29
                                                  28(2)

                              27
                                        26(3)

                    25
                                        24
                              23
                                                  22
                                                            21
                                                                                20
                                                                      19
                                        18
                                                            17
                                                  16
                                                            15
          14
                                        13
                              12
                                        11
                    10(2)

9
                    8
          7
                                        6
                                                  5
                              4
                                        3
                    2
                              1

Height: 8

----------------------------------------------------------------------------------------------------------------------------

BST: Searched 26
Found BST node at Level: 5
Found BST node at Level: 5
Parent: 
Binary Search Tree: 

                                        30
                                                            29
                                                  28(2)

                              27
                                        26(3)

                    25
                                        24
                              23
                                                  22
                                                            21
                                                                                20
                                                                      19
                                        18
                                                            17
                                                  16
                                                            15
          14
                                        13
                              12
                                        11
                    10(2)

9
                    8
          7
                                        6
                                                  5
                              4
                                        3
                    2
                              1

Height: 8

----------------------------------------------------------------------------------------------------------------------------

BST: Searched 28
Found BST node at Level: 6
Found BST node at Level: 6
Parent: 
Binary Search Tree: 

                                        30
                                                            29
                                                  28(2)

                              27
                                        26(3)

                    25
                                        24
                              23
                                                  22
                                                            21
                                                                                20
                                                                      19
                                        18
                                                            17
                                                  16
                                                            15
          14
                                        13
                              12
                                        11
                    10(2)

9
                    8
          7
                                        6
                                                  5
                              4
                                        3
                    2
                              1

Height: 8

----------------------------------------------------------------------------------------------------------------------------

BST: Searched 1
Found BST node at Level: 4
Found BST node at Level: 4
Parent: 
Binary Search Tree: 

                                        30
                                                            29
                                                  28(2)

                              27
                                        26(3)

                    25
                                        24
                              23
                                                  22
                                                            21
                                                                                20
                                                                      19
                                        18
                                                            17
                                                  16
                                                            15
          14
                                        13
                              12
                                        11
                    10(2)

9
                    8
          7
                                        6
                                                  5
                              4
                                        3
                    2
                              1

Height: 8

----------------------------------------------------------------------------------------------------------------------------

BST: Searched 7
Found BST node at Level: 2
Found BST node at Level: 2
Parent: 
Binary Search Tree: 

                                        30
                                                            29
                                                  28(2)

                              27
                                        26(3)

                    25
                                        24
                              23
                                                  22
                                                            21
                                                                                20
                                                                      19
                                        18
                                                            17
                                                  16
                                                            15
          14
                                        13
                              12
                                        11
                    10(2)

9
                    8
          7
                                        6
                                                  5
                              4
                                        3
                    2
                              1

Height: 8

----------------------------------------------------------------------------------------------------------------------------

BST: Inserted 17
Binary Search Tree: 

                                        30
                                                            29
                                                  28(2)

                              27
                                        26(3)

                    25
                                        24
                              23
                                                  22
                                                            21
                                                                                20
                                                                      19
                                        18
                                                            17(2)

                                                  16
                                                            15
          14
                                        13
                              12
                                        11
                    10(2)

9
                    8
          7
                                        6
                                                  5
                              4
                                        3
                    2
                              1

Height: 8

----------------------------------------------------------------------------------------------------------------------------

BST: Deleted 22
Binary Search Tree: 

                                        30
                                                            29
                                                  28(2)

                              27
                                        26(3)

                    25
                                        24
                              23
                                                  21
                                                                      20
                                                            19
                                        18
                                                            17(2)

                                                  16
                                                            15
          14
                                        13
                              12
                                        11
                    10(2)

9
                    8
          7
                                        6
                                                  5
                              4
                                        3
                    2
                              1

Height: 7

----------------------------------------------------------------------------------------------------------------------------

BST: Searched 11
Found BST node at Level: 5
Found BST node at Level: 5
Parent: 
Binary Search Tree: 

                                        30
                                                            29
                                                  28(2)

                              27
                                        26(3)

                    25
                                        24
                              23
                                                  21
                                                                      20
                                                            19
                                        18
                                                            17(2)

                                                  16
                                                            15
          14
                                        13
                              12
                                        11
                    10(2)

9
                    8
          7
                                        6
                                                  5
                              4
                                        3
                    2
                              1

Height: 7

----------------------------------------------------------------------------------------------------------------------------

BST: Deleted 16
Binary Search Tree: 

                                        30
                                                            29
                                                  28(2)

                              27
                                        26(3)

                    25
                                        24
                              23
                                                  21
                                                                      20
                                                            19
                                        18
                                                            17(2)

                                                  15
          14
                                        13
                              12
                                        11
                    10(2)

9
                    8
          7
                                        6
                                                  5
                              4
                                        3
                    2
                              1

Height: 7

----------------------------------------------------------------------------------------------------------------------------

BST: Deleted 28
Binary Search Tree: 

                                        30
                                                            29
                                                  28
                              27
                                        26(3)

                    25
                                        24
                              23
                                                  21
                                                                      20
                                                            19
                                        18
                                                            17(2)

                                                  15
          14
                                        13
                              12
                                        11
                    10(2)

9
                    8
          7
                                        6
                                                  5
                              4
                                        3
                    2
                              1

Height: 7

----------------------------------------------------------------------------------------------------------------------------

BST: Inserted 15
Binary Search Tree: 

                                        30
                                                            29
                                                  28
                              27
                                        26(3)

                    25
                                        24
                              23
                                                  21
                                                                      20
                                                            19
                                        18
                                                            17(2)

                                                  15(2)

          14
                                        13
                              12
                                        11
                    10(2)

9
                    8
          7
                                        6
                                                  5
                              4
                                        3
                    2
                              1

Height: 7

----------------------------------------------------------------------------------------------------------------------------

BST: Deleted 33
Binary Search Tree: 

                                        30
                                                            29
                                                  28
                              27
                                        26(3)

                    25
                                        24
                              23
                                                  21
                                                                      20
                                                            19
                                        18
                                                            17(2)

                                                  15(2)

          14
                                        13
                              12
                                        11
                    10(2)

9
                    8
          7
                                        6
                                                  5
                              4
                                        3
                    2
                              1

Height: 7

----------------------------------------------------------------------------------------------------------------------------

BST: Searched 29
Found BST node at Level: 7
Found BST node at Level: 7
Parent: 
Binary Search Tree: 

                                        30
                                                            29
                                                  28
                              27
                                        26(3)

                    25
                                        24
                              23
                                                  21
                                                                      20
                                                            19
                                        18
                                                            17(2)

                                                  15(2)

          14
                                        13
                              12
                                        11
                    10(2)

9
                    8
          7
                                        6
                                                  5
                              4
                                        3
                    2
                              1

Height: 7

----------------------------------------------------------------------------------------------------------------------------

BST: Searched 17
Found BST node at Level: 7
Found BST node at Level: 7
Parent: 
Binary Search Tree: 

                                        30
                                                            29
                                                  28
                              27
                                        26(3)

                    25
                                        24
                              23
                                                  21
                                                                      20
                                                            19
                                        18
                                                            17(2)

                                                  15(2)

          14
                                        13
                              12
                                        11
                    10(2)

9
                    8
          7
                                        6
                                                  5
                              4
                                        3
                    2
                              1

Height: 7

----------------------------------------------------------------------------------------------------------------------------

BST: Searched 11
Found BST node at Level: 5
Found BST node at Level: 5
Parent: 
Binary Search Tree: 

                                        30
                                                            29
                                                  28
                              27
                                        26(3)

                    25
                                        24
                              23
                                                  21
                                                                      20
                                                            19
                                        18
                                                            17(2)

                                                  15(2)

          14
                                        13
                              12
                                        11
                    10(2)

9
                    8
          7
                                        6
                                                  5
                              4
                                        3
                    2
                              1

Height: 7

----------------------------------------------------------------------------------------------------------------------------

BST: Deleted 17
Binary Search Tree: 

                                        30
                                                            29
                                                  28
                              27
                                        26(3)

                    25
                                        24
                              23
                                                  21
                                                                      20
                                                            19
                                        18
                                                  15(2)

          14
                                        13
                              12
                                        11
                    10(2)

9
                    8
          7
                                        6
                                                  5
                              4
                                        3
                    2
                              1

Height: 7

----------------------------------------------------------------------------------------------------------------------------

BST: Inserted 17
Binary Search Tree: 

                                        30
                                                            29
                                                  28
                              27
                                        26(3)

                    25
                                        24
                              23
                                                  21
                                                                      20
                                                            19
                                        18
                                                            17
                                                  15(2)

          14
                                        13
                              12
                                        11
                    10(2)

9
                    8
          7
                                        6
                                                  5
                              4
                                        3
                    2
                              1

Height: 7

----------------------------------------------------------------------------------------------------------------------------

BST: Deleted 25
Binary Search Tree: 

                                        30
                                                            29
                                                  28
                              27
                                        26(3)

                    24
                              23
                                                  21
                                                                      20
                                                            19
                                        18
                                                            17
                                                  15(2)

          14
                                        13
                              12
                                        11
                    10(2)

9
                    8
          7
                                        6
                                                  5
                              4
                                        3
                    2
                              1

Height: 7

----------------------------------------------------------------------------------------------------------------------------

BST: Deleted 16
Binary Search Tree: 

                                        30
                                                            29
                                                  28
                              27
                                        26(3)

                    24
                              23
                                                  21
                                                                      20
                                                            19
                                        18
                                                            17
                                                  15(2)

          14
                                        13
                              12
                                        11
                    10(2)

9
                    8
          7
                                        6
                                                  5
                              4
                                        3
                    2
                              1

Height: 7

----------------------------------------------------------------------------------------------------------------------------

BST: Inserted 33
Binary Search Tree: 

                                                  33
                                        30
                                                            29
                                                  28
                              27
                                        26(3)

                    24
                              23
                                                  21
                                                                      20
                                                            19
                                        18
                                                            17
                                                  15(2)

          14
                                        13
                              12
                                        11
                    10(2)

9
                    8
          7
                                        6
                                                  5
                              4
                                        3
                    2
                              1

Height: 7

----------------------------------------------------------------------------------------------------------------------------

BST: Deleted 26
Binary Search Tree: 

                                                  33
                                        30
                                                            29
                                                  28
                              27
                    24
                              23
                                                  21
                                                                      20
                                                            19
                                        18
                                                            17
                                                  15(2)

          14
                                        13
                              12
                                        11
                    10(2)

9
                    8
          7
                                        6
                                                  5
                              4
                                        3
                    2
                              1

Height: 7

----------------------------------------------------------------------------------------------------------------------------

BST: Searched 17
Found BST node at Level: 7
Found BST node at Level: 7
Parent: 
Binary Search Tree: 

                                                  33
                                        30
                                                            29
                                                  28
                              27
                    24
                              23
                                                  21
                                                                      20
                                                            19
                                        18
                                                            17
                                                  15(2)

          14
                                        13
                              12
                                        11
                    10(2)

9
                    8
          7
                                        6
                                                  5
                              4
                                        3
                    2
                              1

Height: 7

----------------------------------------------------------------------------------------------------------------------------

BST: Searched 16
Found BST node at Level: 0
Found BST node at Level: 0
Parent: 
Binary Search Tree: 

                                                  33
                                        30
                                                            29
                                                  28
                              27
                    24
                              23
                                                  21
                                                                      20
                                                            19
                                        18
                                                            17
                                                  15(2)

          14
                                        13
                              12
                                        11
                    10(2)

9
                    8
          7
                                        6
                                                  5
                              4
                                        3
                    2
                              1

Height: 7

----------------------------------------------------------------------------------------------------------------------------

BST: Deleted 26
Binary Search Tree: 

                                                  33
                                        30
                                                            29
                                                  28
                              27
                    24
                              23
                                                  21
                                                                      20
                                                            19
                                        18
                                                            17
                                                  15(2)

          14
                                        13
                              12
                                        11
                    10(2)

9
                    8
          7
                                        6
                                                  5
                              4
                                        3
                    2
                              1

Height: 7

----------------------------------------------------------------------------------------------------------------------------

BST: Deleted 28
Binary Search Tree: 

                                                  33
                                        30
                                                  29
                              27
                    24
                              23
                                                  21
                                                                      20
                                                            19
                                        18
                                                            17
                                                  15(2)

          14
                                        13
                              12
                                        11
                    10(2)

9
                    8
          7
                                        6
                                                  5
                              4
                                        3
                    2
                              1

Height: 7

----------------------------------------------------------------------------------------------------------------------------

BST: Searched 28
Found BST node at Level: 0
Found BST node at Level: 0
Parent: 
Binary Search Tree: 

                                                  33
                                        30
                                                  29
                              27
                    24
                              23
                                                  21
                                                                      20
                                                            19
                                        18
                                                            17
                                                  15(2)

          14
                                        13
                              12
                                        11
                    10(2)

9
                    8
          7
                                        6
                                                  5
                              4
                                        3
                    2
                              1

Height: 7

----------------------------------------------------------------------------------------------------------------------------

BST: Searched 22
Found BST node at Level: 0
Found BST node at Level: 0
Parent: 
Binary Search Tree: 

                                                  33
                                        30
                                                  29
                              27
                    24
                              23
                                                  21
                                                                      20
                                                            19
                                        18
                                                            17
                                                  15(2)

          14
                                        13
                              12
                                        11
                    10(2)

9
                    8
          7
                                        6
                                                  5
                              4
                                        3
                    2
                              1

Height: 7

----------------------------------------------------------------------------------------------------------------------------

BST: Deleted 26
Binary Search Tree: 

                                                  33
                                        30
                                                  29
                              27
                    24
                              23
                                                  21
                                                                      20
                                                            19
                                        18
                                                            17
                                                  15(2)

          14
                                        13
                              12
                                        11
                    10(2)

9
                    8
          7
                                        6
                                                  5
                              4
                                        3
                    2
                              1

Height: 7

----------------------------------------------------------------------------------------------------------------------------

BST: Searched 7
Found BST node at Level: 2
Found BST node at Level: 2
Parent: 
Binary Search Tree: 

                                                  33
                                        30
                                                  29
                              27
                    24
                              23
                                                  21
                                                                      20
                                                            19
                                        18
                                                            17
                                                  15(2)

          14
                                        13
                              12
                                        11
                    10(2)

9
                    8
          7
                                        6
                                                  5
                              4
                                        3
                    2
                              1

Height: 7

----------------------------------------------------------------------------------------------------------------------------
						AssignmentSheet
			BST			AVL			Splay
Inserts:		198			182			202			
Searches:		77			72			61			
Deletes:		66			57			17			
Totals:			341			311			280			
----------------------------------------------------------------------------------------------------------------------------
